10,259
10,93
10,87
10,5
10,267
10,293
10,19
10,297
10,2
10,3
11,26
11,10
11,5
11,24
11,18
11,9
11,2
11,3
9,5
8,7
8,15
8,14
8,8
8,13
102,5
102,4
102,3
102,2
102,1
102,0
99,4
99,3
99,2
99,1
99,0
97,4
97,3
97,2
97,1
97,0
96,3
96,2
96,1
96,0
20,3
20,2
20,1
19,3
19,2
19,1
17,3
17,2
17,1
16,3
16,2
16,1
15,3
15,2
15,1
14,2
13,2
12,3
12,2
12,1
11,28
11,27
11,1
18,1
11,25
18,3
10,298
10,290
10,272
10,236
14,1
10,230
14,3
13,1
10,228
13,3
10,200
10,1
10,94
9,7
9,6
9,4
9,3
9,2
9,1
8,17
8,16
8,12
8,11
8,9
8,6
8,4
8,3
2,2
8,2
2,1
8,1
3,3
2,3
3,2
3,1
0,472
0,0
103,34
103,33
